ID,NE,MO,DATE,PERIOD,PERLEN,BSCCUMMS,BSCMAXMS,GSM1800CUMMS,GSM1800MAXMS,GSM900CUMMS,GSM900MAXMS,TOTPAG,TOTCONGPAG,GSM400CUMMS,GSM400MAXMS,GSM800CUMMS,GSM800MAXMS,PAGCSBSC,PAGCSCONG,PAGPSBSC,ALLPDCHPCUFAIL,FAILMOVECELL,NACCPCO,ESUTONRM,ESUDLTBF,DELRELTONRM,DELRELDLTBF,EXULTIP,EXULNRM,GSL0040,GSL4160,GSL6180,GSL8190,GSL9100,GSLMAX,GSLUTIL,GSLSCAN,RPP0040,RPP4160,RPP6180,RPP8190,RPP9100
BDBS302-0201112191900-2000,BDBS302,-,20111219,1900-2000,60,298505,2061,79203,888,219302,1173,59202,0,0,0,0,0,0,0,102658,0,0,6058,530322,636022,568185,1362111,1015843,629529,0,0,328,0,0,4980990,22101,328,0,0,0,0,0
BDBS301-0201111251800-1900,BDBS301,-,20111125,1800-1900,60,284050,1743,69745,790,214305,953,66634,0,0,0,0,0,0,0,71694,0,0,4012,300409,360569,316999,816337,562307,346254,0,0,328,0,0,3251388,21148,328,0,0,0,0,0
BDBS302-0201111251800-1900,BDBS302,-,20111125,1800-1900,60,354220,2228,87877,1049,266343,1179,85014,0,0,0,0,0,0,0,93066,0,0,6685,434020,516650,456846,1135688,820895,508964,0,0,327,0,0,4864440,20471,327,0,0,0,0,0
BDBS302-0201112191900-2000,BDBS302,-,20111219,1900-2000,60,298505,2061,79203,888,219302,1173,59202,0,0,0,0,0,0,0,102658,0,0,6058,530322,636022,568185,1362111,1015843,629529,0,0,328,0,0,4980990,22101,328,0,0,0,0,0
BDBS301-0201111251800-1900,BDBS301,-,20111125,1800-1900,60,284050,1743,69745,790,214305,953,66634,0,0,0,0,0,0,0,71694,0,0,4012,300409,360569,316999,816337,562307,346254,0,0,328,0,0,3251388,21148,328,0,0,0,0,0
BDBS302-0201111251800-1900,BDBS302,-,20111125,1800-1900,60,354220,2228,87877,1049,266343,1179,85014,0,0,0,0,0,0,0,93066,0,0,6685,434020,516650,456846,1135688,820895,508964,0,0,327,0,0,4864440,20471,327,0,0,0,0,0
BDBS301-0201112191900-2000,BDBS301,-,20111219,1900-2000,60,232811,1773,53135,826,179676,947,44501,0,0,0,0,0,0,0,76951,0,0,3263,362406,427586,381625,959321,691842,421725,0,0,327,0,0,3274680,22121,327,0,0,0,0,0
BDBS301-0201112191700-1800,BDBS301,-,20111219,1700-1800,60,310702,1890,81663,954,229039,936,82437,0,0,0,0,0,0,0,65291,0,0,4316,296550,351221,311823,782436,576534,359251,0,0,327,0,0,3245258,20939,327,0,0,0,0,0
BDBS302-0201112191700-1800,BDBS302,-,20111219,1700-1800,60,372023,2316,104504,1185,267519,1131,99061,0,0,0,0,0,0,0,90400,0,0,6826,474142,566097,494897,1179359,906453,572799,0,0,327,0,0,4933352,21241,327,0,0,0,0,0
BDBS301-0201111251700-1800,BDBS301,-,20111125,1700-1800,60,339552,2063,88367,976,251185,1087,92685,0,0,0,0,0,0,0,68075,0,0,4203,283183,329942,296090,741707,524311,330886,0,4,323,0,0,3231190,20486,327,0,0,0,0,0
BDBS302-0201111251700-1800,BDBS302,-,20111125,1700-1800,60,385028,2309,96949,1124,288079,1185,103523,0,0,0,0,0,0,0,83256,0,0,6560,402257,477974,416271,1021688,761878,481503,0,221,106,0,0,4810458,19679,327,0,0,0,0,0
BDBS302-0201111251900-2000,BDBS302,-,20111125,1900-2000,60,314088,2093,75679,939,238409,1154,66981,0,0,0,0,0,0,0,93969,0,0,5763,473557,563754,507225,1253156,901389,554350,0,0,328,0,0,4892666,20936,328,0,0,0,0,0
BDBS301-0201112191800-1900,BDBS301,-,20111219,1800-1900,60,261252,1664,63634,800,197618,864,57353,0,0,0,0,0,0,0,74486,0,0,3866,321433,380404,335225,851770,617000,379487,0,0,328,0,0,3268078,21598,328,0,0,0,0,0
BDBS302-0201112191800-1900,BDBS302,-,20111219,1800-1900,60,333709,2201,92530,1019,241179,1182,75390,0,0,0,0,0,0,0,101962,0,0,7234,497098,593254,523777,1267423,943178,590562,0,0,327,0,0,4958092,21717,327,0,0,0,0,0
BDBS301-0201111251900-2000,BDBS301,-,20111125,1900-2000,60,250923,1744,58570,765,192353,979,50552,0,0,0,0,0,0,0,68509,0,0,3237,338623,399613,356389,909674,627521,382450,0,0,327,0,0,3257942,21605,327,0,0,0,0,0
